009,2008,12,14,6,4,57,29,5570
009,2008,12,14,6,4,57,30,5570
009,2008,12,14,6,4,57,31,5570
009,2008,12,14,6,4,57,34,5670
009,2008,12,14,6,4,57,35,5570
009,2008,12,14,6,4,57,36,5571
009,2008,12,14,6,4,57,37,5571
009,2008,12,14,6,4,57,38,5671
009,2008,12,14,6,4,57,42,5671
009,2008,12,14,6,4,57,43,5671
009,2008,12,14,6,4,57,45,5571
009,2008,12,14,6,4,57,46,5671
009,2008,12,14,6,4,57,48,5571
009,2008,12,14,6,4,57,49,5670
009,2008,12,14,6,4,57,50,5570
009,2008,12,14,6,4,57,51,5570
009,2008,12,14,6,4,57,53,5570
009,2008,12,12,4,9,53,43,4841
009,2008,12,12,4,9,53,47,4841
009,2008,12,12,4,9,53,52,4841
009,2008,12,12,4,9,53,57,4841
009,2008,12,12,4,9,54,2,4841
009,2008,12,12,4,9,54,7,4841
009,2008,12,12,4,9,54,12,4842
009,2008,12,12,4,9,54,17,4842
009,2008,12,12,4,9,54,22,4842
009,2008,12,12,4,9,54,27,4842
009,2008,12,12,4,9,54,32,4842
009,2008,12,12,4,9,54,37,4842
009,2008,12,12,4,9,54,42,4842
009,2008,12,12,4,9,54,47,4842
009,2008,12,12,4,9,54,51,4842
009,2008,12,12,4,9,54,55,4842
009,2008,12,12,4,9,54,59,4843
009,2008,12,12,4,9,55,4,4843
009,2008,12,12,4,9,55,8,4843
009,2008,12,12,4,9,55,13,4843
009,2008,12,12,4,9,55,16,4843
009,2008,12,12,4,9,55,18,4843
009,2008,12,12,4,9,55,20,4843
009,2008,12,12,4,9,55,22,4843
009,2008,12,12,4,9,55,25,4843
009,2008,12,12,4,9,55,28,4843
009,2008,12,12,4,9,55,31,4843
009,2008,12,12,4,9,55,33,4844
009,2008,12,12,4,9,55,35,4844
009,2008,12,12,4,9,55,37,4844
009,2008,12,12,4,9,55,39,4844
009,2008,12,12,4,9,55,41,4844
009,2008,12,12,4,9,55,42,4844
009,2008,12,12,4,9,55,43,4844
009,2008,12,12,4,9,55,44,4844
009,2008,12,12,4,9,55,46,4944
009,2008,12,12,4,9,55,47,4945
009,2008,12,12,4,9,55,48,4945
009,2008,12,12,4,9,55,49,4945
009,2008,12,12,4,9,55,51,4945
009,2008,12,12,4,9,55,53,4945
009,2008,12,12,4,9,55,54,4945
009,2008,12,12,4,9,55,56,4945
009,2008,12,12,4,9,55,57,4945
009,2008,12,12,4,9,55,58,4945
009,2008,12,12,4,9,55,59,4945
009,2008,12,12,4,9,56,0,4945
009,2008,12,12,4,9,56,1,4946
009,2008,12,12,4,9,56,2,4946
009,2008,12,12,4,9,56,4,4946
009,2008,12,12,4,9,56,5,4946
009,2008,12,12,4,9,56,7,5046
009,2008,12,12,4,9,56,9,5046
009,2008,12,12,4,9,56,11,5046
009,2008,12,12,4,9,56,15,5046
009,2008,12,12,4,9,56,19,5046
009,2008,12,12,4,9,56,22,5046
009,2008,12,12,4,9,56,25,5046
009,2008,12,12,4,9,56,28,5046
009,2008,12,12,4,9,56,31,5046
009,2008,12,12,4,9,56,34,5046
009,2008,12,12,4,9,56,37,5047
009,2008,12,12,4,9,56,40,5047
009,2008,12,12,4,9,56,45,5047
009,2008,12,12,4,9,56,50,5047
009,2008,12,12,4,9,56,52,5047
009,2008,12,12,4,9,56,55,5047
009,2008,12,12,4,9,56,59,5047
009,2008,12,12,4,9,57,2,5047
009,2008,12,12,4,9,57,6,5047
009,2008,12,12,4,9,57,9,5047
009,2008,12,12,4,9,57,11,5147
009,2008,12,12,4,9,57,16,5147
009,2008,12,12,4,9,57,17,5147
009,2008,12,12,4,9,57,19,5147
009,2008,12,12,4,9,57,20,5147
009,2008,12,12,4,9,57,21,5147
